$MeshFormat
2.2 0 8
$EndMeshFormat
$Nodes
289
1 0 0 0
2 1 0 0
3 1 1 0
4 0 1 0
5 0.1249999999997731 0 0
6 0.2499999999994109 0 0
7 0.3749999999990461 0 0
8 0.4999999999986921 0 0
9 0.6249999999990109 0 0
10 0.7499999999993406 0 0
11 0.8749999999996703 0 0
12 0.06249999999988655 0 0
13 0.187499999999592 0 0
14 0.3124999999992285 0 0
15 0.4374999999988691 0 0
16 0.5624999999988515 0 0
17 0.6874999999991758 0 0
18 0.8124999999995055 0 0
19 0.9374999999998351 0 0
20 1 0.081237 0
21 1 0.206237 0
22 1 0.331237 0
23 1 0.456237 0
24 1 0.581237 0
25 1 0.706237 0
26 1 0.831237 0
27 1 0.0406185 0
28 1 0.143737 0
29 1 0.268737 0
30 1 0.393737 0
31 1 0.518737 0
32 1 0.643737 0
33 1 0.768737 0
34 1 0.9156185 0
35 0.875 1 0
36 0.75 1 0
37 0.625 1 0
38 0.5 1 0
39 0.375 1 0
40 0.25 1 0
41 0.125 1 0
42 0.9375 1 0
43 0.8125 1 0
44 0.6875 1 0
45 0.5625 1 0
46 0.4375 1 0
47 0.3125 1 0
48 0.1875 1 0
49 0.0625 1 0
50 0 0.831237 0
51 0 0.706237 0
52 0 0.581237 0
53 0 0.456237 0
54 0 0.331237 0
55 0 0.206237 0
56 0 0.081237 0
57 0 0.9156185 0
58 0 0.768737 0
59 0 0.643737 0
60 0 0.518737 0
61 0 0.393737 0
62 0 0.268737 0
63 0 0.143737 0
64 0 0.0406185 0
65 0.125 0.168763 0
66 0.125 0.293763 0
67 0.125 0.418763 0
68 0.125 0.543763 0
69 0.125 0.668763 0
70 0.125 0.793763 0
71 0.125 0.918763 0
72 0.25 0.081237 0
73 0.25 0.206237 0
74 0.25 0.331237 0
75 0.25 0.456237 0
76 0.25 0.581237 0
77 0.25 0.706237 0
78 0.25 0.831237 0
79 0.375 0.168763 0
80 0.375 0.293763 0
81 0.375 0.418763 0
82 0.375 0.543763 0
83 0.375 0.668763 0
84 0.375 0.793763 0
85 0.375 0.918763 0
86 0.5 0.081237 0
87 0.5 0.206237 0
88 0.5 0.331237 0
89 0.5 0.456237 0
90 0.5 0.581237 0
91 0.5 0.706237 0
92 0.5 0.831237 0
93 0.625 0.168763 0
94 0.625 0.293763 0
95 0.625 0.418763 0
96 0.625 0.543763 0
97 0.625 0.668763 0
98 0.625 0.793763 0
99 0.625 0.918763 0
100 0.75 0.081237 0
101 0.75 0.206237 0
102 0.75 0.331237 0
103 0.75 0.456237 0
104 0.75 0.581237 0
105 0.75 0.706237 0
106 0.75 0.831237 0
107 0.875 0.168763 0
108 0.875 0.293763 0
109 0.875 0.418763 0
110 0.875 0.543763 0
111 0.875 0.668763 0
112 0.875 0.793763 0
113 0.875 0.918763 0
114 0.1249999999998866 0.0843815 0
115 0.0625 0.125 0
116 0.06249999999994328 0.0625 0
117 0.125 0.231263 0
118 0.0625 0.25 0
119 0.0625 0.1875 0
120 0.125 0.356263 0
121 0.0625 0.375 0
122 0.0625 0.3125 0
123 0.125 0.481263 0
124 0.0625 0.5 0
125 0.0625 0.4375 0
126 0.125 0.606263 0
127 0.0625 0.625 0
128 0.0625 0.5625 0
129 0.125 0.731263 0
130 0.0625 0.75 0
131 0.0625 0.6875 0
132 0.125 0.856263 0
133 0.0625 0.875 0
134 0.0625 0.8125 0
135 0.125 0.9593815 0
136 0.0625 0.9375 0
137 0.2499999999997055 0.0406185 0
138 0.1875 0.125 0
139 0.187499999999796 0.0625 0
140 0.25 0.143737 0
141 0.1875 0.25 0
142 0.1875 0.1875 0
143 0.25 0.268737 0
144 0.1875 0.375 0
145 0.1875 0.3125 0
146 0.25 0.393737 0
147 0.1875 0.5 0
148 0.1875 0.4375 0
149 0.25 0.518737 0
150 0.1875 0.625 0
151 0.1875 0.5625 0
152 0.25 0.643737 0
153 0.1875 0.75 0
154 0.1875 0.6875 0
155 0.25 0.768737 0
156 0.1875 0.875 0
157 0.1875 0.8125 0
158 0.25 0.9156185 0
159 0.1875 0.9375 0
160 0.3749999999995231 0.0843815 0
161 0.3125 0.125 0
162 0.3124999999996143 0.0625 0
163 0.375 0.231263 0
164 0.3125 0.25 0
165 0.3125 0.1875 0
166 0.375 0.356263 0
167 0.3125 0.375 0
168 0.3125 0.3125 0
169 0.375 0.481263 0
170 0.3125 0.5 0
171 0.3125 0.4375 0
172 0.375 0.606263 0
173 0.3125 0.625 0
174 0.3125 0.5625 0
175 0.375 0.731263 0
176 0.3125 0.75 0
177 0.3125 0.6875 0
178 0.375 0.856263 0
179 0.3125 0.875 0
180 0.3125 0.8125 0
181 0.375 0.9593815 0
182 0.3125 0.9375 0
183 0.4999999999993461 0.0406185 0
184 0.4375 0.125 0
185 0.4374999999994346 0.0625 0
186 0.5 0.143737 0
187 0.4375 0.25 0
188 0.4375 0.1875 0
189 0.5 0.268737 0
190 0.4375 0.375 0
191 0.4375 0.3125 0
192 0.5 0.393737 0
193 0.4375 0.5 0
194 0.4375 0.4375 0
195 0.5 0.518737 0
196 0.4375 0.625 0
197 0.4375 0.5625 0
198 0.5 0.643737 0
199 0.4375 0.75 0
200 0.4375 0.6875 0
201 0.5 0.768737 0
202 0.4375 0.875 0
203 0.4375 0.8125 0
204 0.5 0.9156185 0
205 0.4375 0.9375 0
206 0.6249999999995055 0.0843815 0
207 0.5625 0.125 0
208 0.5624999999994258 0.0625 0
209 0.625 0.231263 0
210 0.5625 0.25 0
211 0.5625 0.1875 0
212 0.625 0.356263 0
213 0.5625 0.375 0
214 0.5625 0.3125 0
215 0.625 0.481263 0
216 0.5625 0.5 0
217 0.5625 0.4375 0
218 0.625 0.606263 0
219 0.5625 0.625 0
220 0.5625 0.5625 0
221 0.625 0.731263 0
222 0.5625 0.75 0
223 0.5625 0.6875 0
224 0.625 0.856263 0
225 0.5625 0.875 0
226 0.5625 0.8125 0
227 0.625 0.9593815 0
228 0.5625 0.9375 0
229 0.7499999999996703 0.0406185 0
230 0.6875 0.125 0
231 0.6874999999995879 0.0625 0
232 0.75 0.143737 0
233 0.6875 0.25 0
234 0.6875 0.1875 0
235 0.75 0.268737 0
236 0.6875 0.375 0
237 0.6875 0.3125 0
238 0.75 0.393737 0
239 0.6875 0.5 0
240 0.6875 0.4375 0
241 0.75 0.518737 0
242 0.6875 0.625 0
243 0.6875 0.5625 0
244 0.75 0.643737 0
245 0.6875 0.75 0
246 0.6875 0.6875 0
247 0.75 0.768737 0
248 0.6875 0.875 0
249 0.6875 0.8125 0
250 0.75 0.9156185 0
251 0.6875 0.9375 0
252 0.8749999999998351 0.0843815 0
253 0.8125 0.125 0
254 0.8124999999997528 0.0625 0
255 0.875 0.231263 0
256 0.8125 0.25 0
257 0.8125 0.1875 0
258 0.875 0.356263 0
259 0.8125 0.375 0
260 0.8125 0.3125 0
261 0.875 0.481263 0
262 0.8125 0.5 0
263 0.8125 0.4375 0
264 0.875 0.606263 0
265 0.8125 0.625 0
266 0.8125 0.5625 0
267 0.875 0.731263 0
268 0.8125 0.75 0
269 0.8125 0.6875 0
270 0.875 0.856263 0
271 0.8125 0.875 0
272 0.8125 0.8125 0
273 0.875 0.9593815 0
274 0.8125 0.9375 0
275 0.9375 0.125 0
276 0.9374999999999176 0.0625 0
277 0.9375 0.25 0
278 0.9375 0.1875 0
279 0.9375 0.375 0
280 0.9375 0.3125 0
281 0.9375 0.5 0
282 0.9375 0.4375 0
283 0.9375 0.625 0
284 0.9375 0.5625 0
285 0.9375 0.75 0
286 0.9375 0.6875 0
287 0.9375 0.875 0
288 0.9375 0.8125 0
289 0.9375 0.9375 0
$EndNodes
$Elements
324
1 15 2 201 1 1
2 15 2 201 2 2
3 15 2 201 3 3
4 15 2 201 4 4
5 1 2 201 1 1 12
6 1 2 201 1 12 5
7 1 2 201 1 5 13
8 1 2 201 1 13 6
9 1 2 201 1 6 14
10 1 2 201 1 14 7
11 1 2 201 1 7 15
12 1 2 201 1 15 8
13 1 2 201 1 8 16
14 1 2 201 1 16 9
15 1 2 201 1 9 17
16 1 2 201 1 17 10
17 1 2 201 1 10 18
18 1 2 201 1 18 11
19 1 2 201 1 11 19
20 1 2 201 1 19 2
21 1 2 201 2 2 27
22 1 2 201 2 27 20
23 1 2 201 2 20 28
24 1 2 201 2 28 21
25 1 2 201 2 21 29
26 1 2 201 2 29 22
27 1 2 201 2 22 30
28 1 2 201 2 30 23
29 1 2 201 2 23 31
30 1 2 201 2 31 24
31 1 2 201 2 24 32
32 1 2 201 2 32 25
33 1 2 201 2 25 33
34 1 2 201 2 33 26
35 1 2 201 2 26 34
36 1 2 201 2 34 3
37 1 2 201 3 3 42
38 1 2 201 3 42 35
39 1 2 201 3 35 43
40 1 2 201 3 43 36
41 1 2 201 3 36 44
42 1 2 201 3 44 37
43 1 2 201 3 37 45
44 1 2 201 3 45 38
45 1 2 201 3 38 46
46 1 2 201 3 46 39
47 1 2 201 3 39 47
48 1 2 201 3 47 40
49 1 2 201 3 40 48
50 1 2 201 3 48 41
51 1 2 201 3 41 49
52 1 2 201 3 49 4
53 1 2 201 4 4 57
54 1 2 201 4 57 50
55 1 2 201 4 50 58
56 1 2 201 4 58 51
57 1 2 201 4 51 59
58 1 2 201 4 59 52
59 1 2 201 4 52 60
60 1 2 201 4 60 53
61 1 2 201 4 53 61
62 1 2 201 4 61 54
63 1 2 201 4 54 62
64 1 2 201 4 62 55
65 1 2 201 4 55 63
66 1 2 201 4 63 56
67 1 2 201 4 56 64
68 1 2 201 4 64 1
69 3 2 1 8 1 12 116 64
70 3 2 1 8 12 5 114 116
71 3 2 1 8 116 114 65 115
72 3 2 1 8 64 116 115 56
73 3 2 1 8 56 115 119 63
74 3 2 1 8 115 65 117 119
75 3 2 1 8 119 117 66 118
76 3 2 1 8 63 119 118 55
77 3 2 1 8 55 118 122 62
78 3 2 1 8 118 66 120 122
79 3 2 1 8 122 120 67 121
80 3 2 1 8 62 122 121 54
81 3 2 1 8 54 121 125 61
82 3 2 1 8 121 67 123 125
83 3 2 1 8 125 123 68 124
84 3 2 1 8 61 125 124 53
85 3 2 1 8 53 124 128 60
86 3 2 1 8 124 68 126 128
87 3 2 1 8 128 126 69 127
88 3 2 1 8 60 128 127 52
89 3 2 1 8 52 127 131 59
90 3 2 1 8 127 69 129 131
91 3 2 1 8 131 129 70 130
92 3 2 1 8 59 131 130 51
93 3 2 1 8 51 130 134 58
94 3 2 1 8 130 70 132 134
95 3 2 1 8 134 132 71 133
96 3 2 1 8 58 134 133 50
97 3 2 1 8 50 133 136 57
98 3 2 1 8 133 71 135 136
99 3 2 1 8 136 135 41 49
100 3 2 1 8 57 136 49 4
101 3 2 1 8 5 13 139 114
102 3 2 1 8 13 6 137 139
103 3 2 1 8 139 137 72 138
104 3 2 1 8 114 139 138 65
105 3 2 1 8 65 138 142 117
106 3 2 1 8 138 72 140 142
107 3 2 1 8 142 140 73 141
108 3 2 1 8 117 142 141 66
109 3 2 1 8 66 141 145 120
110 3 2 1 8 141 73 143 145
111 3 2 1 8 145 143 74 144
112 3 2 1 8 120 145 144 67
113 3 2 1 8 67 144 148 123
114 3 2 1 8 144 74 146 148
115 3 2 1 8 148 146 75 147
116 3 2 1 8 123 148 147 68
117 3 2 1 8 68 147 151 126
118 3 2 1 8 147 75 149 151
119 3 2 1 8 151 149 76 150
120 3 2 1 8 126 151 150 69
121 3 2 1 8 69 150 154 129
122 3 2 1 8 150 76 152 154
123 3 2 1 8 154 152 77 153
124 3 2 1 8 129 154 153 70
125 3 2 1 8 70 153 157 132
126 3 2 1 8 153 77 155 157
127 3 2 1 8 157 155 78 156
128 3 2 1 8 132 157 156 71
129 3 2 1 8 71 156 159 135
130 3 2 1 8 156 78 158 159
131 3 2 1 8 159 158 40 48
132 3 2 1 8 135 159 48 41
133 3 2 1 8 6 14 162 137
134 3 2 1 8 14 7 160 162
135 3 2 1 8 162 160 79 161
136 3 2 1 8 137 162 161 72
137 3 2 1 8 72 161 165 140
138 3 2 1 8 161 79 163 165
139 3 2 1 8 165 163 80 164
140 3 2 1 8 140 165 164 73
141 3 2 1 8 73 164 168 143
142 3 2 1 8 164 80 166 168
143 3 2 1 8 168 166 81 167
144 3 2 1 8 143 168 167 74
145 3 2 1 8 74 167 171 146
146 3 2 1 8 167 81 169 171
147 3 2 1 8 171 169 82 170
148 3 2 1 8 146 171 170 75
149 3 2 1 8 75 170 174 149
150 3 2 1 8 170 82 172 174
151 3 2 1 8 174 172 83 173
152 3 2 1 8 149 174 173 76
153 3 2 1 8 76 173 177 152
154 3 2 1 8 173 83 175 177
155 3 2 1 8 177 175 84 176
156 3 2 1 8 152 177 176 77
157 3 2 1 8 77 176 180 155
158 3 2 1 8 176 84 178 180
159 3 2 1 8 180 178 85 179
160 3 2 1 8 155 180 179 78
161 3 2 1 8 78 179 182 158
162 3 2 1 8 179 85 181 182
163 3 2 1 8 182 181 39 47
164 3 2 1 8 158 182 47 40
165 3 2 1 8 7 15 185 160
166 3 2 1 8 15 8 183 185
167 3 2 1 8 185 183 86 184
168 3 2 1 8 160 185 184 79
169 3 2 1 8 79 184 188 163
170 3 2 1 8 184 86 186 188
171 3 2 1 8 188 186 87 187
172 3 2 1 8 163 188 187 80
173 3 2 1 8 80 187 191 166
174 3 2 1 8 187 87 189 191
175 3 2 1 8 191 189 88 190
176 3 2 1 8 166 191 190 81
177 3 2 1 8 81 190 194 169
178 3 2 1 8 190 88 192 194
179 3 2 1 8 194 192 89 193
180 3 2 1 8 169 194 193 82
181 3 2 1 8 82 193 197 172
182 3 2 1 8 193 89 195 197
183 3 2 1 8 197 195 90 196
184 3 2 1 8 172 197 196 83
185 3 2 1 8 83 196 200 175
186 3 2 1 8 196 90 198 200
187 3 2 1 8 200 198 91 199
188 3 2 1 8 175 200 199 84
189 3 2 1 8 84 199 203 178
190 3 2 1 8 199 91 201 203
191 3 2 1 8 203 201 92 202
192 3 2 1 8 178 203 202 85
193 3 2 1 8 85 202 205 181
194 3 2 1 8 202 92 204 205
195 3 2 1 8 205 204 38 46
196 3 2 1 8 181 205 46 39
197 3 2 1 8 8 16 208 183
198 3 2 1 8 16 9 206 208
199 3 2 1 8 208 206 93 207
200 3 2 1 8 183 208 207 86
201 3 2 1 8 86 207 211 186
202 3 2 1 8 207 93 209 211
203 3 2 1 8 211 209 94 210
204 3 2 1 8 186 211 210 87
205 3 2 1 8 87 210 214 189
206 3 2 1 8 210 94 212 214
207 3 2 1 8 214 212 95 213
208 3 2 1 8 189 214 213 88
209 3 2 1 8 88 213 217 192
210 3 2 1 8 213 95 215 217
211 3 2 1 8 217 215 96 216
212 3 2 1 8 192 217 216 89
213 3 2 1 8 89 216 220 195
214 3 2 1 8 216 96 218 220
215 3 2 1 8 220 218 97 219
216 3 2 1 8 195 220 219 90
217 3 2 1 8 90 219 223 198
218 3 2 1 8 219 97 221 223
219 3 2 1 8 223 221 98 222
220 3 2 1 8 198 223 222 91
221 3 2 1 8 91 222 226 201
222 3 2 1 8 222 98 224 226
223 3 2 1 8 226 224 99 225
224 3 2 1 8 201 226 225 92
225 3 2 1 8 92 225 228 204
226 3 2 1 8 225 99 227 228
227 3 2 1 8 228 227 37 45
228 3 2 1 8 204 228 45 38
229 3 2 1 8 9 17 231 206
230 3 2 1 8 17 10 229 231
231 3 2 1 8 231 229 100 230
232 3 2 1 8 206 231 230 93
233 3 2 1 8 93 230 234 209
234 3 2 1 8 230 100 232 234
235 3 2 1 8 234 232 101 233
236 3 2 1 8 209 234 233 94
237 3 2 1 8 94 233 237 212
238 3 2 1 8 233 101 235 237
239 3 2 1 8 237 235 102 236
240 3 2 1 8 212 237 236 95
241 3 2 1 8 95 236 240 215
242 3 2 1 8 236 102 238 240
243 3 2 1 8 240 238 103 239
244 3 2 1 8 215 240 239 96
245 3 2 1 8 96 239 243 218
246 3 2 1 8 239 103 241 243
247 3 2 1 8 243 241 104 242
248 3 2 1 8 218 243 242 97
249 3 2 1 8 97 242 246 221
250 3 2 1 8 242 104 244 246
251 3 2 1 8 246 244 105 245
252 3 2 1 8 221 246 245 98
253 3 2 1 8 98 245 249 224
254 3 2 1 8 245 105 247 249
255 3 2 1 8 249 247 106 248
256 3 2 1 8 224 249 248 99
257 3 2 1 8 99 248 251 227
258 3 2 1 8 248 106 250 251
259 3 2 1 8 251 250 36 44
260 3 2 1 8 227 251 44 37
261 3 2 1 8 10 18 254 229
262 3 2 1 8 18 11 252 254
263 3 2 1 8 254 252 107 253
264 3 2 1 8 229 254 253 100
265 3 2 1 8 100 253 257 232
266 3 2 1 8 253 107 255 257
267 3 2 1 8 257 255 108 256
268 3 2 1 8 232 257 256 101
269 3 2 1 8 101 256 260 235
270 3 2 1 8 256 108 258 260
271 3 2 1 8 260 258 109 259
272 3 2 1 8 235 260 259 102
273 3 2 1 8 102 259 263 238
274 3 2 1 8 259 109 261 263
275 3 2 1 8 263 261 110 262
276 3 2 1 8 238 263 262 103
277 3 2 1 8 103 262 266 241
278 3 2 1 8 262 110 264 266
279 3 2 1 8 266 264 111 265
280 3 2 1 8 241 266 265 104
281 3 2 1 8 104 265 269 244
282 3 2 1 8 265 111 267 269
283 3 2 1 8 269 267 112 268
284 3 2 1 8 244 269 268 105
285 3 2 1 8 105 268 272 247
286 3 2 1 8 268 112 270 272
287 3 2 1 8 272 270 113 271
288 3 2 1 8 247 272 271 106
289 3 2 1 8 106 271 274 250
290 3 2 1 8 271 113 273 274
291 3 2 1 8 274 273 35 43
292 3 2 1 8 250 274 43 36
293 3 2 1 8 11 19 276 252
294 3 2 1 8 19 2 27 276
295 3 2 1 8 276 27 20 275
296 3 2 1 8 252 276 275 107
297 3 2 1 8 107 275 278 255
298 3 2 1 8 275 20 28 278
299 3 2 1 8 278 28 21 277
300 3 2 1 8 255 278 277 108
301 3 2 1 8 108 277 280 258
302 3 2 1 8 277 21 29 280
303 3 2 1 8 280 29 22 279
304 3 2 1 8 258 280 279 109
305 3 2 1 8 109 279 282 261
306 3 2 1 8 279 22 30 282
307 3 2 1 8 282 30 23 281
308 3 2 1 8 261 282 281 110
309 3 2 1 8 110 281 284 264
310 3 2 1 8 281 23 31 284
311 3 2 1 8 284 31 24 283
312 3 2 1 8 264 284 283 111
313 3 2 1 8 111 283 286 267
314 3 2 1 8 283 24 32 286
315 3 2 1 8 286 32 25 285
316 3 2 1 8 267 286 285 112
317 3 2 1 8 112 285 288 270
318 3 2 1 8 285 25 33 288
319 3 2 1 8 288 33 26 287
320 3 2 1 8 270 288 287 113
321 3 2 1 8 113 287 289 273
322 3 2 1 8 287 26 34 289
323 3 2 1 8 289 34 3 42
324 3 2 1 8 273 289 42 35
$EndElements
